part1 = [...
'**\n'...
'** PARTS\n'...
'**\n'...
'*Part, name=CubeBoolean\n'...
'*End Part\n'...
'**  \n'...
'*Part, name=Screw\n'...
'*End Part\n'...
'**  \n'...
'**\n'...
'** ASSEMBLY\n'...
'**\n'...
'*Assembly, name=Assembly\n'...
'**  \n'...
'*Instance, name=CubeBoolean-1, part=CubeBoolean\n'...
'*Node\n'...

'*Element, type=C3D10\n'...

'*Nset, nset=_PickedSet2, internal, generate\n'...
%      1,  76867,      1
'*Elset, elset=_PickedSet2, internal, generate\n'...
%      1,  52875,      1
'** Section: Bone\n'...
'*Solid Section, elset=_PickedSet2, controls=EC-1, material=Bone\n'...
',\n'...
'*End Instance\n'...
'**  \n'...
'*Instance, name=Screw-2, part=Screw\n'...
%           0.,           0.,           1.
'*Node\n'...

'*Element, type=C3D10\n'...

'*Nset, nset=_PickedSet5, internal, generate\n'...
%      1,  43613,      1
'*Elset, elset=_PickedSet5, internal, generate\n'...
%      1,  27791,      1
'** Section: Screw\n'...
'*Solid Section, elset=_PickedSet5, controls=EC-1, material=Screw\n'...
',\n'...
'*End Instance\n'...
'**  \n'...
'*Node\n'...
%       1,           0., -1.22464685e-16,          11.
'*Nset, nset=ScrewTop, instance=Screw-2\n'...
%     46,    47,    48,    50,    51,   809,   829,   830,   831,   832,   844,   845,   846,   847,   848,   849
%    850,   851,   852,   853,   854,   855,   856,   857,   858,   859,   860,   861,   862,   877,   878,   879
% 
%  41287, 41288, 41345, 41347, 41442, 41450, 41458, 41529, 41549, 41565, 41757, 41891, 41946, 41947, 42237, 42273
%  42294, 42312, 42353, 42368, 42396, 42399, 42401, 42417, 42418, 42420, 42789, 42876, 42952
'*Elset, elset=ScrewTop, instance=Screw-2\n'...
%    108,   181,   221,   253,   298,   550,   792,   851,   865,   965,  1090,  1176,  1276,  1304,  1759,  1765
%   1824,  2016,  2079,  2686,  3036,  3150,  3394,  3550,  3721,  4008,  4067,  4078,  4309,  4460,  4657,  4717
% 
%  21388, 21390, 21398, 21429, 21431, 21433, 21441, 21454, 21934, 22354, 22631, 22948, 22949, 22951, 23561, 23566
%  24006, 24684, 24849, 24864, 26144, 26982
'*Nset, nset=ScrewTopRef\n'...
%  1,
'*Nset, nset=_PickedSet12, internal\n'...
%  1,
'*Nset, nset=_PickedSet13, internal, instance=Screw-2\n'...
%     46,    47,    48,    50,    51,   809,   829,   830,   831,   832,   844,   845,   846,   847,   848,   849
%    850,   851,   852,   853,   854,   855,   856,   857,   858,   859,   860,   861,   862,   877,   878,   879
% 
%  41287, 41288, 41345, 41347, 41442, 41450, 41458, 41529, 41549, 41565, 41757, 41891, 41946, 41947, 42237, 42273
%  42294, 42312, 42353, 42368, 42396, 42399, 42401, 42417, 42418, 42420, 42789, 42876, 42952
'*Elset, elset=_PickedSet13, internal, instance=Screw-2\n'...
%    108,   181,   221,   253,   298,   550,   792,   851,   865,   965,  1090,  1176,  1276,  1304,  1759,  1765
%   1824,  2016,  2079,  2686,  3036,  3150,  3394,  3550,  3721,  4008,  4067,  4078,  4309,  4460,  4657,  4717
% 
%  21388, 21390, 21398, 21429, 21431, 21433, 21441, 21454, 21934, 22354, 22631, 22948, 22949, 22951, 23561, 23566
%  24006, 24684, 24849, 24864, 26144, 26982
'*Nset, nset=_PickedSet15, internal, instance=CubeBoolean-1\n'...
%     44,    45,    51,    52,   403,   404,   405,   406,   407,   408,   409,   410,   411,   412,   413,   414
%    415,   416,   417,   418,   419,   420,   421,   508,   509,   510,   511,   512,   513,   514,   515,   516
% 
%  67727, 68334, 68724, 68814, 70389, 71470, 71528, 71529, 71530, 71531, 71602, 71633, 71691, 71827, 71829, 72148
%  72235, 72484, 72592, 72728, 72772, 72773, 73005, 73211, 73268, 73949, 73950, 74230, 75478, 75949, 75950, 76343
%  76463,
'*Elset, elset=_PickedSet15, internal, instance=CubeBoolean-1\n'...
%    213,   215,   227,   593,   749,  1183,  1284,  1432,  1742,  1856,  2176,  2839,  2843,  2852,  3661,  4105
%   4177,  4337,  4774,  4788,  5120,  5132,  5143,  5152,  5173,  5186,  5187,  5203,  5268,  5281,  5295,  5306
% 
%  32436, 32666, 32970, 32971, 34199, 34307, 34359, 34498, 34532, 34536, 34916, 35793, 35903, 36210, 36415, 36417
%  36870, 37059, 37212, 37838, 38149, 38455, 38456, 39292, 40505, 41136, 41663, 41670, 41693, 41710, 41731, 46429
'** Constraint: Constraint-1\n'...
'*Rigid Body, ref node=_PickedSet12, tie nset=_PickedSet13\n'...
'*End Assembly\n'...
'** \n'...
'** ELEMENT CONTROLS\n'...
'** \n'...
'*Section Controls, name=EC-1, DISTORTION CONTROL=YES, ELEMENT DELETION=YES, MAX DEGRADATION=0.9, second order accuracy=YES\n'...
% 1., 1., 1.
